"1" 0.0 0.0 22.916400017065577
"2" 1.0 0.0 22.6782721316471
"3" 2.0 0.0 22.84694909228275
"4" 3.0 0.0 20.906862745098042
"5" 4.0 0.0 19.22101449275359
"6" 5.0 0.0 18.75
"7" 6.0 0.0 18.749999999999982
"8" 7.0 0.0 18.750000000000007
"9" 8.0 0.0 17.240979808010593
"10" 9.0 0.0 15.120767960363311
"11" 10.0 0.0 12.499999999999998
"12" 0.0 1.0 22.6782721316471
"13" 1.0 1.0 19.84761570280188
"14" 2.0 1.0 19.84761570280188
"15" 3.0 1.0 19.84761570280188
"16" 4.0 1.0 19.22101449275359
"17" 5.0 1.0 18.749999999999982
"18" 6.0 1.0 16.128777321875578
"19" 7.0 1.0 16.128777321875578
"20" 8.0 1.0 14.40972222222223
"21" 9.0 1.0 12.499999999999991
"22" 10.0 1.0 9.879232039636674
"23" 0.0 2.0 22.84694909228275
"24" 1.0 2.0 19.84761570280188
"25" 2.0 2.0 18.869206991880546
"26" 3.0 2.0 18.869206991880546
"27" 4.0 2.0 18.885839906732137
"28" 5.0 2.0 18.750000000000007
"29" 6.0 2.0 16.128777321875578
"30" 7.0 2.0 14.008406664643724
"31" 8.0 2.0 12.500000000000002
"32" 9.0 2.0 10.590277777777786
"33" 10.0 2.0 7.759020191989421
"34" 0.0 3.0 20.906862745098042
"35" 1.0 3.0 19.84761570280188
"36" 2.0 3.0 18.869206991880546
"37" 3.0 3.0 17.240979808010593
"38" 4.0 3.0 17.066872807827213
"39" 5.0 3.0 17.240979808010593
"40" 6.0 3.0 14.40972222222223
"41" 7.0 3.0 12.500000000000002
"42" 8.0 3.0 10.991593335356262
"43" 9.0 3.0 8.871222678124425
"44" 10.0 3.0 6.250000000000002
"45" 0.0 4.0 19.22101449275359
"46" 1.0 4.0 19.22101449275359
"47" 2.0 4.0 18.885839906732137
"48" 3.0 4.0 17.066872807827213
"49" 4.0 4.0 15.120767960363311
"50" 5.0 4.0 15.120767960363311
"51" 6.0 4.0 12.499999999999991
"52" 7.0 4.0 10.590277777777786
"53" 8.0 4.0 8.871222678124425
"54" 9.0 4.0 8.871222678124425
"55" 10.0 4.0 6.2500000000000036
"56" 0.0 5.0 18.75
"57" 1.0 5.0 18.749999999999982
"58" 2.0 5.0 18.750000000000007
"59" 3.0 5.0 17.240979808010593
"60" 4.0 5.0 15.120767960363311
"61" 5.0 5.0 12.499999999999998
"62" 6.0 5.0 9.879232039636674
"63" 7.0 5.0 7.759020191989421
"64" 8.0 5.0 6.250000000000002
"65" 9.0 5.0 6.2500000000000036
"66" 10.0 5.0 6.25
"67" 0.0 6.0 18.749999999999982
"68" 1.0 6.0 16.128777321875578
"69" 2.0 6.0 16.128777321875578
"70" 3.0 6.0 14.40972222222223
"71" 4.0 6.0 12.499999999999991
"72" 5.0 6.0 9.879232039636674
"73" 6.0 6.0 9.879232039636674
"74" 7.0 6.0 7.933127192172809
"75" 8.0 6.0 6.114160093267851
"76" 9.0 6.0 5.778985507246381
"77" 10.0 6.0 5.778985507246381
"78" 0.0 7.0 18.750000000000007
"79" 1.0 7.0 16.128777321875578
"80" 2.0 7.0 14.008406664643724
"81" 3.0 7.0 12.500000000000002
"82" 4.0 7.0 10.590277777777786
"83" 5.0 7.0 7.759020191989421
"84" 6.0 7.0 7.933127192172809
"85" 7.0 7.0 7.759020191989421
"86" 8.0 7.0 6.130793008119462
"87" 9.0 7.0 5.152384297198157
"88" 10.0 7.0 4.09313725490196
"89" 0.0 8.0 17.240979808010593
"90" 1.0 8.0 14.40972222222223
"91" 2.0 8.0 12.500000000000002
"92" 3.0 8.0 10.991593335356262
"93" 4.0 8.0 8.871222678124425
"94" 5.0 8.0 6.250000000000002
"95" 6.0 8.0 6.114160093267851
"96" 7.0 8.0 6.130793008119462
"97" 8.0 8.0 6.130793008119462
"98" 9.0 8.0 5.152384297198157
"99" 10.0 8.0 2.1530509077172626
"100" 0.0 9.0 15.120767960363311
"101" 1.0 9.0 12.499999999999991
"102" 2.0 9.0 10.590277777777786
"103" 3.0 9.0 8.871222678124425
"104" 4.0 9.0 8.871222678124425
"105" 5.0 9.0 6.2500000000000036
"106" 6.0 9.0 5.778985507246381
"107" 7.0 9.0 5.152384297198157
"108" 8.0 9.0 5.152384297198157
"109" 9.0 9.0 5.152384297198157
"110" 10.0 9.0 2.321727868352887
"111" 0.0 10.0 12.499999999999998
"112" 1.0 10.0 9.879232039636674
"113" 2.0 10.0 7.759020191989421
"114" 3.0 10.0 6.250000000000002
"115" 4.0 10.0 6.2500000000000036
"116" 5.0 10.0 6.25
"117" 6.0 10.0 5.778985507246381
"118" 7.0 10.0 4.09313725490196
"119" 8.0 10.0 2.1530509077172626
"120" 9.0 10.0 2.321727868352887
"121" 10.0 10.0 2.0835999829344245
